6 10 1.839278 0.983887 0.776750 0.732311 0.765160 0.929092 0.964960 0.762983 0.194066 1 6827 
10 11 1.621574 0.582279 0.708738 0.838975 0.747145 0.707311 0.823994 0.610436 0.554109 1 2264 
7 12 1.319224 0.505141 0.500673 0.888836 0.893245 0.971982 0.920065 0.530240 0.172945 0 4954 
7 14 1.353370 0.789987 0.626903 0.759611 0.950797 0.600952 0.896092 0.881971 0.437863 1 4471 
11 11 1.760434 0.593029 0.834154 0.789600 0.993720 0.827513 0.951908 0.547337 0.474675 2 2357 
6 12 1.308916 0.682073 0.500888 0.808371 0.585341 0.787340 0.610769 0.760549 0.020393 2 6547 
6 13 1.358015 0.587769 0.942705 0.625844 0.548135 0.962964 0.792190 0.996457 0.027500 1 6536 
8 13 1.363207 0.974027 0.800913 0.899204 0.879506 0.500346 0.602490 0.597010 0.067066 2 4422 
9 12 1.466943 0.748057 0.661261 0.722788 0.517652 0.711627 0.848379 0.695118 0.232561 1 3456 
6 15 1.890653 0.787618 0.835020 0.746151 0.991526 0.746567 0.914481 0.993582 0.337115 3 6790 
9 16 1.623073 0.564613 0.598082 0.555694 0.792100 0.720634 0.688409 0.554907 0.587398 1 2783 
9 11 1.889887 0.932048 0.954532 0.963663 0.729669 0.618510 0.628450 0.504277 0.228675 3 3876 
9 11 1.414013 0.988037 0.595063 0.586406 0.672353 0.549412 0.818253 0.802961 0.039145 2 3884 
7 11 1.620640 0.834904 0.546818 0.925280 0.590198 0.529307 0.602386 0.959623 0.475067 3 4936 
11 11 1.331572 0.729668 0.946205 0.529460 0.517892 0.620833 0.741798 0.732108 0.241642 2 2723 
6 15 1.993211 0.501213 0.589030 0.923155 0.689960 0.713512 0.718455 0.730647 0.324070 2 7035 
7 15 1.919996 0.621860 0.578866 0.729988 0.907023 0.829422 0.701057 0.786535 0.402114 2 5100 
10 14 1.738796 0.896008 0.876069 0.982038 0.891960 0.822995 0.723793 0.616061 0.152057 2 3025 
10 14 1.575956 0.636568 0.770861 0.892148 0.581111 0.888328 0.876800 0.550854 0.025430 2 3122 
6 14 1.355861 0.909952 0.746914 0.509843 0.698054 0.511109 0.519636 0.880783 0.278261 3 6093 
12 15 1.403182 0.850533 0.882074 0.707667 0.702282 0.978654 0.940943 0.645933 0.081727 0 2424 
9 14 1.903582 0.944243 0.738902 0.896383 0.767640 0.580691 0.861814 0.798578 0.441349 0 3494 
10 15 1.632025 0.585307 0.630501 0.990507 0.987734 0.604035 0.867918 0.799085 0.019052 0 3094 
10 14 1.948052 0.823250 0.683865 0.567410 0.738173 0.913222 0.604916 0.893063 0.428202 0 2689 
9 11 1.635002 0.979023 0.685088 0.584637 0.589090 0.981474 0.711062 0.602134 0.240165 0 3721 
9 11 1.564927 0.522566 0.654549 0.957424 0.776854 0.885943 0.642461 0.679544 0.529336 0 3056 
6 12 1.844682 0.655538 0.920521 0.671152 0.532742 0.894578 0.684653 0.544226 0.468305 0 6020 
11 16 1.975911 0.637088 0.666470 0.871149 0.900937 0.712166 0.777518 0.538667 0.505198 2 2538 
8 13 1.313215 0.851505 0.747502 0.931800 0.513204 0.599252 0.846048 0.768003 0.296874 1 4041 
12 13 1.783551 0.525405 0.578082 0.938093 0.934990 0.574196 0.975593 0.986029 0.450600 3 2013 
8 12 1.899292 0.990939 0.621472 0.942785 0.511467 0.659163 0.779484 0.676518 0.228129 2 5068 
12 14 1.796217 0.973821 0.900556 0.529412 0.860615 0.531042 0.972486 0.831211 0.440610 2 2116 
12 15 1.390160 0.773523 0.828166 0.800468 0.613416 0.892068 0.650192 0.947041 0.516062 1 1815 
11 11 1.978088 0.866101 0.648953 0.509736 0.978029 0.538459 0.739587 0.896714 0.224009 3 2835 
9 10 1.381789 0.577892 0.950204 0.652468 0.574526 0.565220 0.539849 0.708945 0.573525 2 2820 
12 16 1.485364 0.988761 0.863403 0.760307 0.552142 0.570308 0.540622 0.762384 0.313571 3 2246 
10 16 1.337697 0.847545 0.891932 0.615472 0.623892 0.602490 0.838832 0.590575 0.216010 3 2852 
11 12 1.907722 0.737894 0.906315 0.779069 0.783402 0.917066 0.751038 0.758859 0.527003 2 2450 
7 15 1.932132 0.916800 0.985919 0.954435 0.512771 0.963059 0.872725 0.950250 0.587132 1 4570 
10 12 1.324382 0.728717 0.829345 0.505302 0.979131 0.816626 0.647992 0.825204 0.530498 3 2233 
8 14 1.307012 0.713337 0.867125 0.905945 0.722323 0.762839 0.997715 0.889967 0.239327 1 4129 
10 16 1.549831 0.514893 0.993759 0.996213 0.877077 0.774881 0.584907 0.768140 0.234917 2 2751 
10 11 1.412524 0.946530 0.852233 0.735407 0.508675 0.632010 0.578424 0.692311 0.316714 1 2577 
8 12 1.381730 0.853544 0.610182 0.871001 0.695656 0.793459 0.850620 0.506390 0.329503 1 3866 
12 12 1.307195 0.806825 0.909043 0.578085 0.619116 0.974593 0.631016 0.693712 0.445854 1 1774 
9 14 1.361621 0.886931 0.566645 0.764714 0.817001 0.591487 0.617933 0.523322 0.368446 2 3232 
7 16 1.816620 0.844728 0.867772 0.530547 0.857079 0.553612 0.554936 0.903018 0.399124 1 4871 
9 13 1.612166 0.948235 0.723553 0.960301 0.931355 0.651556 0.773017 0.930716 0.258005 3 3538 
6 13 1.804472 0.733860 0.687202 0.739039 0.685227 0.980071 0.511534 0.685804 0.038393 2 7256 
8 11 1.532213 0.956629 0.748381 0.942109 0.856606 0.534498 0.637768 0.526534 0.521983 0 4044 
