7 10 1.408714 0.805714 0.814655 0.560810 0.920080 0.991504 0.787280 0.925474 0.521495 0 4294 
8 12 1.574875 0.720041 0.897756 0.646575 0.885408 0.968024 0.724044 0.622449 0.033338 2 4625 
9 10 1.635482 0.892358 0.932689 0.668594 0.538638 0.618157 0.807563 0.747350 0.487249 1 3162 
6 10 1.481759 0.837707 0.578083 0.545946 0.992207 0.793855 0.627952 0.744731 0.084531 2 6954 
9 14 1.846568 0.616151 0.506030 0.895170 0.701595 0.823719 0.802530 0.804234 0.082114 3 3949 
11 16 1.513300 0.781267 0.658730 0.639190 0.834894 0.923071 0.532449 0.764658 0.338502 0 2567 
9 12 1.665730 0.556155 0.699507 0.759149 0.569587 0.566659 0.867543 0.674512 0.391814 1 3328 
6 10 1.325003 0.910106 0.971643 0.824358 0.538413 0.786329 0.875485 0.966852 0.522568 0 5516 
12 10 1.995736 0.875699 0.987463 0.931228 0.757890 0.638662 0.819037 0.591076 0.190815 0 2486 
11 15 1.449411 0.572403 0.626905 0.853143 0.870508 0.931684 0.705839 0.659614 0.306577 2 2608 
11 14 1.774391 0.637506 0.781143 0.582949 0.828027 0.581989 0.879153 0.685164 0.298476 1 2714 
6 16 1.361222 0.960450 0.957741 0.664184 0.671535 0.656088 0.727972 0.714332 0.176724 0 6453 
8 10 1.334535 0.641945 0.934191 0.748225 0.637089 0.706352 0.926574 0.790881 0.516008 0 3644 
12 12 1.782754 0.814914 0.683296 0.791293 0.820689 0.632287 0.541472 0.777413 0.133746 3 2436 
9 15 1.701483 0.525162 0.688889 0.975814 0.887083 0.573050 0.708176 0.802436 0.482103 3 3163 
6 10 1.926677 0.686723 0.636779 0.915965 0.968842 0.898803 0.629691 0.891966 0.006799 2 8063 
6 10 1.497262 0.922454 0.693049 0.781696 0.776406 0.593955 0.879821 0.614520 0.549303 1 5601 
8 10 1.680860 0.700768 0.799112 0.977127 0.751116 0.504523 0.815556 0.869195 0.217138 0 4629 
6 14 1.393824 0.502923 0.896860 0.602857 0.774541 0.855245 0.595882 0.776458 0.268839 3 5745 
10 10 1.881390 0.876012 0.559667 0.895819 0.610501 0.731889 0.695255 0.885297 0.547334 3 2499 
12 16 1.554361 0.603989 0.861249 0.944100 0.915678 0.775379 0.995790 0.624610 0.450332 0 1980 
8 16 1.915675 0.988541 0.922812 0.634751 0.563853 0.820265 0.697920 0.665401 0.568781 0 4177 
12 16 1.628493 0.607430 0.704627 0.900505 0.737395 0.674009 0.502523 0.973900 0.378837 2 2152 
10 16 1.763802 0.651921 0.769140 0.581451 0.854384 0.771299 0.890656 0.535111 0.113338 3 3016 
9 14 1.906905 0.897865 0.777733 0.596337 0.631037 0.802563 0.883691 0.647994 0.387423 1 3411 
12 15 1.882363 0.537511 0.999230 0.642949 0.562715 0.790849 0.656531 0.727903 0.231984 1 2349 
10 15 1.761294 0.755108 0.928275 0.604195 0.596781 0.940212 0.974894 0.809732 0.239215 2 2847 
7 14 1.923226 0.623065 0.715455 0.528397 0.655093 0.954269 0.959810 0.505082 0.497391 3 4768 
6 15 1.616834 0.857981 0.922295 0.926765 0.755771 0.923137 0.612146 0.864336 0.091556 0 7238 
8 11 1.316796 0.708592 0.771744 0.916129 0.817729 0.738455 0.696413 0.850589 0.546784 3 3552 
7 10 1.516454 0.875672 0.539714 0.525560 0.593800 0.917697 0.928974 0.940417 0.289478 0 5256 
6 10 1.759095 0.620204 0.913953 0.938399 0.708510 0.976626 0.601618 0.598410 0.100349 0 6922 
11 13 1.578570 0.597103 0.722899 0.579008 0.871766 0.751470 0.715792 0.998529 0.104869 0 3015 
8 15 1.876440 0.572596 0.500426 0.868060 0.620205 0.762177 0.896287 0.802135 0.343441 3 4443 
9 13 1.922040 0.997695 0.865653 0.903375 0.657695 0.626328 0.969414 0.519594 0.037795 0 4396 
12 15 1.776546 0.994536 0.746285 0.584956 0.820723 0.606380 0.716277 0.598734 0.412601 2 2058 
8 12 1.323510 0.807557 0.948848 0.725605 0.602919 0.565786 0.644537 0.634922 0.440863 2 3808 
8 10 1.939037 0.533825 0.726194 0.799824 0.503793 0.554974 0.628716 0.776059 0.172993 1 5161 
8 13 1.824454 0.871238 0.615872 0.964258 0.738707 0.889415 0.680808 0.603192 0.516010 3 3809 
12 10 1.654424 0.690851 0.949366 0.526318 0.811562 0.745069 0.848848 0.707677 0.537679 2 1951 
12 13 1.889412 0.894871 0.787773 0.855490 0.966213 0.840548 0.774985 0.979820 0.022531 2 2710 
10 12 1.718551 0.806084 0.992720 0.542546 0.633745 0.668041 0.652088 0.536890 0.003688 0 3144 
10 15 1.950809 0.566066 0.975671 0.520781 0.641134 0.509524 0.748036 0.515976 0.322822 0 2835 
11 10 1.755360 0.719597 0.604532 0.815857 0.852529 0.892399 0.824331 0.631604 0.305138 3 2710 
8 16 1.514633 0.592201 0.743654 0.663484 0.772405 0.914763 0.821651 0.521132 0.302211 0 4166 
8 12 1.962803 0.585895 0.871795 0.587525 0.645763 0.546828 0.616717 0.727155 0.475103 3 4228 
8 16 1.507447 0.778273 0.692291 0.743194 0.875344 0.863872 0.684878 0.887442 0.321712 3 4199 
11 10 1.306512 0.812701 0.765886 0.952792 0.959795 0.781847 0.953862 0.698580 0.183887 0 2780 
10 12 1.453742 0.542236 0.695219 0.840743 0.514542 0.666465 0.943637 0.931226 0.460654 3 2443 
9 15 1.882078 0.955322 0.995190 0.747258 0.878494 0.533955 0.650271 0.780637 0.270570 0 3966 
9 12 1.573514 0.720433 0.515659 0.504137 0.831386 0.820129 0.586932 0.767821 0.040486 3 3904 
8 11 1.796779 0.625606 0.798935 0.656219 0.566300 0.931061 0.617043 0.804138 0.138375 0 4612 
11 15 1.911000 0.940294 0.910806 0.923217 0.974178 0.851332 0.531552 0.844738 0.300537 1 2818 
10 14 1.568592 0.894420 0.539756 0.928359 0.625077 0.943780 0.610105 0.649970 0.080099 2 3021 
6 11 1.998407 0.563175 0.534569 0.744436 0.615385 0.637939 0.965758 0.719052 0.492186 2 6475 
12 16 1.764882 0.659636 0.792974 0.668843 0.982158 0.608860 0.587176 0.994944 0.498904 0 2008 
7 13 1.451905 0.901953 0.863026 0.797288 0.560834 0.817357 0.611086 0.565991 0.215931 2 5075 
10 15 1.544918 0.858006 0.535713 0.697122 0.762775 0.632685 0.705039 0.562094 0.434123 0 2566 
9 10 1.418842 0.643791 0.794399 0.612170 0.771429 0.511268 0.882158 0.687621 0.173891 3 3436 
9 10 1.628381 0.682561 0.953386 0.778713 0.979729 0.717925 0.629207 0.646084 0.268233 0 3558 
8 12 1.874224 0.580815 0.618948 0.938833 0.772418 0.611813 0.633408 0.532498 0.049347 1 5296 
9 14 1.594056 0.518287 0.834048 0.676422 0.737760 0.511574 0.951724 0.843207 0.482043 3 3217 
8 13 1.972920 0.633040 0.941532 0.503758 0.855473 0.854544 0.963695 0.849891 0.018191 0 5200 
9 10 1.584096 0.721288 0.630949 0.568344 0.948752 0.934346 0.671113 0.736478 0.094112 3 3765 
11 12 1.978428 0.970007 0.963251 0.577578 0.891475 0.671175 0.852467 0.642208 0.016125 2 3279 
11 15 1.333713 0.521754 0.648089 0.764572 0.514645 0.853309 0.736249 0.692187 0.445010 1 2377 
8 16 1.861705 0.866095 0.953738 0.830091 0.621372 0.977396 0.672149 0.791328 0.477921 3 3982 
6 13 1.663947 0.735375 0.741315 0.528540 0.513381 0.621342 0.867598 0.778896 0.179446 1 6902 
9 14 1.728714 0.682244 0.977897 0.835105 0.618416 0.534144 0.912467 0.792948 0.347565 3 3602 
9 10 1.496236 0.681213 0.562702 0.831856 0.771809 0.883472 0.851801 0.888154 0.042602 3 3967 
6 10 1.341514 0.817617 0.883527 0.501619 0.540328 0.952684 0.796588 0.742021 0.154496 2 6099 
12 16 1.785788 0.609943 0.747297 0.661085 0.620524 0.733446 0.502711 0.528018 0.319350 1 2028 
12 11 1.876219 0.842827 0.937016 0.907348 0.966916 0.898105 0.649903 0.528391 0.002195 0 2631 
11 16 1.990035 0.953033 0.679612 0.808528 0.958530 0.811722 0.760194 0.649008 0.382367 3 2652 
7 16 1.392487 0.698203 0.720024 0.897074 0.652642 0.903377 0.649129 0.837354 0.431085 3 4497 
9 13 1.625108 0.639828 0.801538 0.563533 0.768761 0.655351 0.860388 0.586917 0.358509 2 3400 
11 14 1.700901 0.692824 0.789952 0.985873 0.518956 0.968832 0.799340 0.674170 0.594247 1 2250 
10 16 1.337760 0.967619 0.840190 0.812461 0.839531 0.705676 0.854665 0.543595 0.145320 2 2877 
10 15 1.627841 0.643282 0.806876 0.812211 0.760911 0.534665 0.519221 0.938418 0.425071 2 2665 
8 10 1.760197 0.721807 0.529320 0.862382 0.660275 0.523171 0.676720 0.939092 0.124383 1 4727 
6 16 1.950812 0.803439 0.699526 0.809357 0.505726 0.752890 0.723701 0.729228 0.581230 0 6470 
6 16 1.887017 0.993763 0.906821 0.542704 0.939618 0.787855 0.982755 0.850308 0.210251 3 7578 
10 14 1.856948 0.895575 0.797144 0.926321 0.865667 0.667210 0.961463 0.563645 0.026741 0 3160 
11 14 1.465481 0.914567 0.960454 0.594458 0.935666 0.948299 0.607656 0.856013 0.408558 1 2325 
8 10 1.499486 0.669251 0.677498 0.972330 0.753921 0.731833 0.825794 0.621599 0.129904 2 4678 
10 16 1.933884 0.556914 0.590481 0.543236 0.768266 0.873540 0.521682 0.660183 0.458002 1 2439 
10 11 1.573970 0.939292 0.537720 0.912765 0.875453 0.780429 0.871717 0.961851 0.580972 1 2321 
6 11 1.795771 0.500815 0.625824 0.717255 0.934277 0.659446 0.753968 0.811252 0.482511 1 5520 
10 12 1.523615 0.982600 0.835246 0.843386 0.762804 0.993479 0.790871 0.544257 0.023461 3 3177 
11 14 1.337994 0.619006 0.854227 0.509259 0.743646 0.869985 0.533351 0.932209 0.437967 3 2366 
9 11 1.819128 0.709584 0.637595 0.773399 0.673437 0.740248 0.958397 0.675016 0.291615 1 3534 
7 12 1.709179 0.524643 0.957707 0.907065 0.713458 0.569195 0.606976 0.857695 0.432595 1 4556 
6 13 1.642714 0.988485 0.661547 0.569296 0.576834 0.504519 0.825466 0.813994 0.315575 2 6792 
10 15 1.560114 0.807697 0.735501 0.712344 0.582246 0.931890 0.553532 0.796334 0.093840 3 2998 
11 16 1.416442 0.633445 0.882608 0.831751 0.502164 0.760466 0.731661 0.823603 0.002610 1 3038 
6 13 1.947824 0.656506 0.990409 0.869153 0.622922 0.848552 0.830083 0.695258 0.547140 0 6292 
10 15 1.933234 0.999355 0.999397 0.759865 0.727638 0.636477 0.960265 0.620035 0.302303 1 2952 
11 14 1.702379 0.729121 0.762613 0.930273 0.823012 0.661017 0.523938 0.834862 0.470092 3 2399 
8 10 1.346167 0.840441 0.648925 0.969253 0.926132 0.953423 0.955814 0.500200 0.461156 3 3552 
8 13 1.802715 0.816336 0.742430 0.588339 0.555255 0.786908 0.597024 0.769748 0.074345 1 4723 
7 16 1.366911 0.570750 0.594192 0.849180 0.925179 0.785543 0.838517 0.784334 0.057150 2 5358 
11 14 1.527860 0.763026 0.654827 0.686470 0.923412 0.656990 0.636822 0.541823 0.085353 2 2982 
10 14 1.530756 0.992995 0.622939 0.739635 0.926905 0.853461 0.558651 0.941990 0.578827 2 2348 
11 12 1.458414 0.643158 0.993461 0.593400 0.841018 0.816021 0.943212 0.722140 0.410917 3 2396 
9 10 1.360871 0.700774 0.844696 0.531611 0.613830 0.764335 0.889798 0.512728 0.017487 2 3780 
7 11 1.896351 0.789821 0.873763 0.694803 0.604879 0.662491 0.761695 0.654601 0.157667 3 6117 
8 11 1.727506 0.922524 0.803104 0.571039 0.592682 0.844702 0.692442 0.696430 0.581867 2 3747 
7 15 1.581761 0.523665 0.655017 0.930220 0.557488 0.869135 0.676250 0.981696 0.371233 1 4847 
11 15 1.321854 0.827887 0.928235 0.791137 0.564559 0.829159 0.743225 0.778787 0.433276 3 2466 
10 11 1.352914 0.760436 0.593467 0.904568 0.536514 0.583151 0.790927 0.968459 0.231842 3 2815 
9 15 1.975613 0.864163 0.745734 0.778716 0.900959 0.677288 0.712226 0.848859 0.418432 1 3412 
9 16 1.468989 0.804002 0.853099 0.926347 0.602784 0.534848 0.524868 0.730998 0.580448 1 2836 
6 12 1.368942 0.918689 0.501307 0.907131 0.525969 0.836410 0.958011 0.508674 0.431102 3 5657 
10 13 1.637924 0.523737 0.695644 0.765982 0.591310 0.915034 0.571875 0.950679 0.566634 2 2399 
9 13 1.940976 0.538700 0.835731 0.756435 0.900582 0.854405 0.588777 0.852878 0.105141 0 4129 
8 15 1.495844 0.874870 0.795512 0.658773 0.891255 0.662289 0.572561 0.630515 0.118651 2 4683 
7 13 1.450219 0.796055 0.576350 0.534628 0.500583 0.967881 0.839682 0.877708 0.324430 0 4926 
7 13 1.374624 0.849856 0.580994 0.972798 0.535701 0.555995 0.683611 0.980235 0.257627 2 5179 
11 14 1.541512 0.671949 0.873209 0.790843 0.828974 0.957769 0.667154 0.789861 0.403426 0 2623 
12 10 1.315519 0.853188 0.980915 0.616505 0.959709 0.647019 0.581709 0.526446 0.215474 1 2092 
8 10 1.339834 0.865003 0.911000 0.928780 0.796089 0.794470 0.629026 0.931327 0.263466 3 3961 
9 13 1.505382 0.804524 0.765356 0.669143 0.872939 0.960023 0.860788 0.707968 0.098983 1 3815 
9 15 1.998124 0.979998 0.869280 0.682544 0.614760 0.754998 0.604635 0.878998 0.497303 3 3244 
12 13 1.899157 0.539216 0.508563 0.524604 0.820276 0.607449 0.934870 0.982176 0.169718 2 2465 
12 10 1.402496 0.736308 0.691430 0.924215 0.987747 0.668157 0.926766 0.984952 0.574674 3 1820 
8 13 1.387136 0.871931 0.859301 0.761972 0.834715 0.564046 0.716527 0.595580 0.239746 1 4103 
7 13 1.734053 0.788815 0.583772 0.711958 0.670056 0.998473 0.580181 0.684130 0.037879 2 6048 
11 12 1.976970 0.869250 0.638430 0.792701 0.979494 0.830087 0.779455 0.853505 0.515157 0 2452 
6 13 1.846644 0.852482 0.870624 0.520584 0.613053 0.587199 0.886128 0.703767 0.485558 0 6322 
10 15 1.752653 0.866039 0.502726 0.708027 0.842392 0.776430 0.612912 0.961671 0.582255 3 2342 
10 10 1.652912 0.758400 0.702166 0.569957 0.885696 0.970363 0.752100 0.808652 0.276655 1 2556 
10 10 1.958360 0.804300 0.548449 0.587814 0.691184 0.986892 0.765549 0.804449 0.151768 0 2967 
12 12 1.947695 0.875311 0.914269 0.690379 0.637416 0.974842 0.962204 0.643620 0.008525 2 2651 
8 13 1.573325 0.901480 0.706316 0.565965 0.964364 0.603628 0.891260 0.509123 0.203746 2 4444 
10 12 1.743136 0.528431 0.665437 0.529646 0.648630 0.929416 0.686737 0.854191 0.189859 0 2729 
11 16 1.912904 0.960229 0.567348 0.861430 0.985967 0.597018 0.564224 0.663407 0.510365 2 2503 
11 10 1.874184 0.719098 0.727215 0.679209 0.537661 0.948602 0.951829 0.609674 0.015283 2 3243 
6 10 1.405781 0.692275 0.638967 0.836977 0.724615 0.854485 0.614622 0.762714 0.542128 0 5181 
7 12 1.908510 0.928824 0.820503 0.537825 0.626580 0.628313 0.539176 0.868200 0.356766 2 5440 
8 12 1.509496 0.593516 0.593253 0.795488 0.655067 0.787213 0.778964 0.722254 0.314239 0 4164 
8 15 1.800739 0.873980 0.690531 0.713693 0.601152 0.521490 0.533617 0.568114 0.394986 2 4362 
6 16 1.983981 0.866373 0.624031 0.759986 0.907033 0.859932 0.930174 0.932496 0.488004 1 6190 
7 16 1.770022 0.517906 0.842808 0.822671 0.738305 0.510725 0.898173 0.912106 0.560293 1 4518 
12 12 1.529603 0.920438 0.884824 0.772138 0.504145 0.686491 0.897534 0.731697 0.396585 3 2084 
9 11 1.334836 0.721996 0.850471 0.905707 0.955708 0.613301 0.596227 0.892267 0.095680 0 3711 
12 16 1.700012 0.780854 0.612391 0.717647 0.794698 0.900936 0.915520 0.900020 0.444948 2 2032 
10 11 1.816045 0.656300 0.729497 0.595398 0.606275 0.622390 0.902739 0.964537 0.126177 1 2981 
6 16 1.615284 0.546170 0.815996 0.983457 0.685288 0.928449 0.881394 0.798664 0.482705 3 6046 
10 10 1.415791 0.617332 0.732076 0.876919 0.501394 0.531805 0.631756 0.612574 0.317600 0 2653 
7 13 1.322853 0.572588 0.886708 0.762047 0.565736 0.521687 0.912669 0.571143 0.398482 0 4829 
7 13 1.991450 0.676760 0.589323 0.842070 0.717788 0.771416 0.776023 0.738801 0.460221 1 4926 
11 15 1.342555 0.666750 0.726569 0.965652 0.986912 0.961545 0.701151 0.517353 0.453790 2 2366 
10 11 1.546870 0.890099 0.726647 0.657018 0.767873 0.909153 0.616850 0.963649 0.455502 1 2377 
6 10 1.346152 0.755037 0.505798 0.696086 0.549273 0.606705 0.538437 0.915664 0.105301 0 6411 
11 14 1.826482 0.704792 0.527221 0.670594 0.834749 0.746339 0.590371 0.936909 0.396071 2 2620 
11 10 1.560964 0.909877 0.605387 0.825921 0.814316 0.533784 0.560501 0.540838 0.411079 0 2576 
7 10 1.515452 0.661853 0.603492 0.789545 0.715317 0.656677 0.655849 0.834079 0.234521 3 5355 
7 11 1.442936 0.646537 0.818168 0.572036 0.793405 0.763890 0.896867 0.679892 0.089349 3 5202 
12 10 1.783045 0.657364 0.581536 0.964192 0.645860 0.608294 0.853802 0.651842 0.463307 2 2039 
10 12 1.699178 0.619664 0.740578 0.627665 0.812156 0.566862 0.740146 0.837272 0.455550 3 2515 
11 16 1.937611 0.768946 0.627467 0.603233 0.859522 0.701134 0.950457 0.982655 0.040635 3 3323 
11 12 1.500710 0.853425 0.750251 0.576857 0.759605 0.969882 0.548369 0.591601 0.385616 2 2534 
6 14 1.529554 0.909854 0.705185 0.889365 0.566482 0.535382 0.845006 0.566952 0.053035 1 7538 
10 15 1.303961 0.518818 0.571595 0.535653 0.593439 0.936441 0.775890 0.782317 0.461227 2 2481 
8 14 1.693136 0.657723 0.930159 0.588842 0.509618 0.680022 0.893488 0.887583 0.042850 3 4943 
6 11 1.654778 0.922739 0.612008 0.732114 0.964498 0.743940 0.585391 0.716819 0.383584 2 6074 
6 10 1.638632 0.608867 0.816714 0.876295 0.633175 0.630140 0.912364 0.725431 0.572455 3 5646 
12 10 1.756107 0.710440 0.924306 0.739144 0.836871 0.527465 0.539867 0.635673 0.440599 1 1890 
9 15 1.989101 0.592994 0.728738 0.587328 0.676932 0.894574 0.987361 0.864354 0.356107 0 3677 
9 15 1.535730 0.703146 0.807084 0.992820 0.793194 0.656649 0.845989 0.554866 0.046106 0 4151 
6 12 1.511551 0.954720 0.981438 0.968073 0.686094 0.790487 0.792563 0.891182 0.180889 0 7133 
8 15 1.670258 0.662814 0.636543 0.798219 0.948425 0.610037 0.623099 0.599750 0.251527 0 4316 
8 11 1.798723 0.907072 0.946519 0.598231 0.711338 0.949286 0.714023 0.775506 0.377334 1 3912 
11 16 1.476699 0.771301 0.689488 0.625745 0.521141 0.545564 0.963598 0.991415 0.489156 2 2502 
9 11 1.394040 0.789233 0.647162 0.871182 0.634541 0.587793 0.962743 0.951084 0.325153 2 3412 
6 12 1.945946 0.945068 0.564872 0.570414 0.833489 0.569194 0.548263 0.501095 0.291560 3 7210 
12 14 1.910024 0.934361 0.754881 0.834898 0.910001 0.631720 0.765667 0.936013 0.441256 3 2028 
9 15 1.485273 0.870505 0.506492 0.848523 0.947670 0.929799 0.926554 0.592666 0.197254 1 3687 
9 11 1.733418 0.661951 0.748221 0.908084 0.646172 0.859033 0.573790 0.516516 0.066599 2 3964 
6 12 1.589227 0.520083 0.980452 0.553340 0.828493 0.748770 0.985068 0.844750 0.277128 2 6407 
12 14 1.968636 0.646284 0.524723 0.885646 0.981969 0.922352 0.918142 0.526394 0.246457 2 2318 
12 10 1.934706 0.730628 0.950855 0.877979 0.880505 0.756720 0.959620 0.977607 0.449585 0 2079 
7 11 1.685342 0.523906 0.941236 0.680136 0.848114 0.910365 0.838184 0.959220 0.407557 3 4657 
8 13 1.767301 0.666031 0.838835 0.576840 0.811936 0.627057 0.687187 0.665488 0.501448 3 3801 
11 12 1.957749 0.960399 0.937571 0.713436 0.996338 0.706028 0.915159 0.909553 0.223834 0 2893 
9 13 1.369729 0.846278 0.739721 0.675506 0.589964 0.719333 0.899014 0.867339 0.490201 0 3125 
12 11 1.861536 0.769904 0.575309 0.554117 0.831500 0.785061 0.574544 0.978227 0.116948 0 2476 
7 14 1.944778 0.942161 0.884415 0.612916 0.891233 0.665887 0.574515 0.981506 0.449414 1 4985 
8 13 1.972216 0.913272 0.990774 0.703173 0.719442 0.656937 0.609689 0.996682 0.150423 2 5188 
12 14 1.833570 0.730280 0.719483 0.597130 0.683452 0.840691 0.818821 0.906026 0.180842 2 2342 
9 13 1.331969 0.964503 0.524707 0.835270 0.807987 0.816159 0.517055 0.735308 0.528332 0 3014 
11 10 1.420350 0.602425 0.538624 0.864081 0.747123 0.776474 0.691672 0.834277 0.083902 3 2995 
9 13 1.719321 0.614482 0.737139 0.669460 0.538641 0.669181 0.634291 0.665110 0.401427 0 3449 
11 12 1.452791 0.678070 0.537782 0.630133 0.784291 0.682113 0.523720 0.657739 0.451918 2 2450 
7 16 1.821104 0.881791 0.645341 0.822413 0.724389 0.510787 0.787039 0.553930 0.526493 1 4691 
6 13 1.616313 0.938611 0.886711 0.550676 0.819070 0.672432 0.839218 0.583104 0.397371 2 6174 
11 13 1.605925 0.909408 0.732219 0.766628 0.777279 0.797372 0.611092 0.522859 0.472939 3 2438 
10 12 1.429550 0.931153 0.563557 0.825005 0.722755 0.772886 0.787452 0.509595 0.154129 0 2807 
12 11 1.885895 0.908332 0.954289 0.763171 0.926809 0.971776 0.662552 0.640277 0.416450 1 1975 
11 13 1.895108 0.835367 0.851899 0.701695 0.559207 0.986912 0.690041 0.821409 0.325586 0 2809 
9 12 1.728864 0.558028 0.613319 0.549100 0.945445 0.754509 0.845469 0.506091 0.580504 2 2840 
6 15 1.616480 0.978672 0.543122 0.637263 0.965516 0.940308 0.866554 0.758089 0.226420 3 6649 
7 10 1.470444 0.533091 0.618530 0.853944 0.656903 0.652058 0.998726 0.941685 0.371644 3 4773 
7 14 1.981122 0.798488 0.750490 0.866914 0.903459 0.615470 0.588648 0.859161 0.303852 3 5578 
6 11 1.580229 0.737740 0.783083 0.574064 0.922419 0.945195 0.900008 0.570354 0.305518 1 6115 
11 10 1.837585 0.504552 0.625786 0.517584 0.830732 0.889420 0.666002 0.817396 0.533090 0 2371 
7 15 1.955358 0.985579 0.702789 0.881500 0.641131 0.871115 0.769730 0.984655 0.223301 0 6033 
11 16 1.913889 0.946678 0.930214 0.531689 0.916310 0.766225 0.597358 0.975988 0.322599 2 2758 
8 11 1.716933 0.948855 0.651140 0.787798 0.542307 0.504267 0.777109 0.609253 0.178348 1 4678 
10 10 1.307837 0.790086 0.788009 0.645655 0.727719 0.555039 0.599353 0.797404 0.527083 2 2368 
7 16 1.575271 0.858065 0.648528 0.806565 0.506231 0.848924 0.577264 0.736191 0.443523 1 4885 
7 13 1.334882 0.863267 0.887232 0.876132 0.703095 0.788784 0.627781 0.813135 0.376102 1 4547 
6 10 1.898756 0.539286 0.849348 0.618596 0.681129 0.561361 0.958351 0.964048 0.426277 2 6588 
7 13 1.468675 0.800957 0.946278 0.742152 0.802734 0.815133 0.902781 0.666665 0.598014 1 4088 
6 13 1.589597 0.876664 0.952142 0.662682 0.512903 0.747013 0.515621 0.572753 0.274579 1 6635 
8 14 1.663059 0.716887 0.606763 0.936553 0.782938 0.906458 0.546555 0.729643 0.122738 3 4654 
10 16 1.465897 0.631297 0.917224 0.587811 0.831035 0.529732 0.812448 0.803163 0.412750 2 2526 
10 13 1.733729 0.972595 0.768988 0.512056 0.543423 0.680376 0.848113 0.572470 0.501693 1 2466 
8 12 1.793920 0.804397 0.680626 0.705381 0.672586 0.697388 0.851614 0.684715 0.041674 1 4898 
8 13 1.543195 0.765420 0.592218 0.925963 0.606856 0.777061 0.501466 0.756012 0.357585 0 4277 
8 16 1.616320 0.603772 0.554619 0.744311 0.699537 0.761995 0.946803 0.531174 0.347386 1 4057 
7 11 1.599915 0.527398 0.589469 0.935650 0.796002 0.797479 0.815632 0.511393 0.541378 1 4284 
6 14 1.570963 0.652033 0.512663 0.570667 0.613315 0.976747 0.968184 0.859823 0.150534 2 6746 
11 13 1.592525 0.553359 0.751822 0.678322 0.956594 0.620180 0.557363 0.654194 0.215624 1 2691 
12 13 1.798329 0.729190 0.606886 0.827657 0.613305 0.905424 0.684191 0.860722 0.482826 1 1870 
10 12 1.447903 0.930477 0.658095 0.993376 0.516365 0.678032 0.804526 0.752266 0.469845 1 2453 
8 16 1.788029 0.586615 0.524082 0.788842 0.671963 0.916789 0.843387 0.751399 0.428288 3 3953 
9 10 1.309815 0.651991 0.593462 0.815957 0.912394 0.968135 0.649236 0.830309 0.541507 2 2781 
12 11 1.608608 0.917776 0.900906 0.587023 0.780864 0.951848 0.707810 0.942519 0.455205 2 2007 
11 14 1.968439 0.571819 0.679717 0.967732 0.640505 0.846229 0.788752 0.746906 0.450256 1 2572 
12 15 1.995463 0.828227 0.707108 0.957787 0.610660 0.573178 0.586372 0.645312 0.234997 0 2439 
6 11 1.477564 0.697821 0.893490 0.506940 0.503876 0.603511 0.559416 0.640616 0.058989 0 6540 
8 16 1.476288 0.767469 0.849018 0.675379 0.789713 0.763211 0.653229 0.681619 0.531187 2 3530 
10 10 1.733448 0.735761 0.797374 0.814319 0.976553 0.994578 0.726181 0.637181 0.392998 3 2504 
11 16 1.848108 0.632871 0.666433 0.610006 0.763171 0.669371 0.974319 0.699876 0.116232 1 3020 
7 12 1.762320 0.559238 0.576303 0.778996 0.643958 0.605219 0.938977 0.973127 0.590497 1 4405 
10 12 1.615720 0.825006 0.711476 0.699880 0.938005 0.853358 0.759654 0.682653 0.483572 2 2404 
11 16 1.398707 0.927304 0.664353 0.850140 0.651816 0.631008 0.992812 0.918730 0.468364 0 2492 
12 12 1.406928 0.874461 0.809519 0.693157 0.646825 0.952938 0.643826 0.528840 0.103938 3 2273 
9 10 1.625436 0.543882 0.647298 0.688697 0.766311 0.554415 0.876931 0.530823 0.146508 3 3762 
10 15 1.849836 0.940242 0.733974 0.878029 0.786825 0.712492 0.582597 0.578333 0.229687 2 2793 
7 12 1.380125 0.543943 0.848351 0.752517 0.515440 0.779770 0.669884 0.932537 0.340270 1 4575 
9 14 1.347240 0.530796 0.833659 0.691114 0.644436 0.751340 0.727857 0.889261 0.463861 0 3109 
9 13 1.763244 0.595114 0.932677 0.675143 0.888183 0.972019 0.670967 0.750103 0.497659 2 3002 
6 16 1.737973 0.879155 0.641786 0.940975 0.829791 0.635781 0.638797 0.968738 0.191473 3 7224 
7 12 1.995462 0.611801 0.689391 0.927549 0.747527 0.641050 0.718933 0.932152 0.034196 3 6457 
9 14 1.690018 0.532096 0.929853 0.889969 0.866020 0.835969 0.952383 0.589359 0.359298 1 3284 
11 10 1.525099 0.645325 0.978333 0.680854 0.858952 0.885493 0.608315 0.707713 0.458831 1 2367 
12 10 1.390260 0.942234 0.861544 0.932218 0.751254 0.869068 0.647590 0.977141 0.466770 1 1776 
12 10 1.952934 0.575761 0.808909 0.504508 0.844417 0.503154 0.601602 0.928194 0.284669 0 2292 
10 10 1.356219 0.891813 0.664909 0.719866 0.746552 0.599951 0.896268 0.836273 0.047371 3 2940 
12 13 1.463756 0.681940 0.514265 0.959137 0.656101 0.790052 0.613142 0.647213 0.173376 2 2340 
12 12 1.495873 0.708495 0.925515 0.790573 0.710215 0.542085 0.535817 0.985099 0.586288 1 1821 
9 10 1.396369 0.553616 0.907340 0.771856 0.533367 0.897374 0.875596 0.716709 0.504888 3 2940 
8 11 1.862910 0.686869 0.986912 0.774346 0.503683 0.702918 0.565136 0.909643 0.091545 1 4846 
8 12 1.774075 0.756521 0.525809 0.895363 0.934184 0.748704 0.806353 0.624121 0.512024 2 3877 
9 14 1.817247 0.901983 0.626879 0.547764 0.757701 0.531058 0.725586 0.887709 0.068320 3 4045 
10 12 1.620454 0.526487 0.808806 0.834156 0.763043 0.775904 0.624708 0.791332 0.292748 1 2629 
8 14 1.412023 0.568237 0.827408 0.802160 0.826642 0.512200 0.995118 0.910153 0.440225 1 3718 
10 10 1.580171 0.518586 0.545982 0.512080 0.584265 0.693690 0.851257 0.776538 0.358968 2 2695 
11 12 1.404294 0.574364 0.866289 0.939018 0.855947 0.871471 0.772826 0.676129 0.581002 2 2148 
7 11 1.307546 0.836720 0.698629 0.608078 0.516772 0.769485 0.997318 0.610762 0.280542 1 4943 
12 15 1.525490 0.753476 0.712555 0.587175 0.748291 0.759499 0.518712 0.537508 0.419145 0 1994 
8 15 1.391929 0.600981 0.809110 0.829537 0.773923 0.889072 0.781202 0.552953 0.579236 2 3436 
10 10 1.908469 0.679805 0.708175 0.859065 0.730924 0.574527 0.640472 0.978872 0.261098 1 2824 
7 11 1.516454 0.838732 0.737937 0.885791 0.716151 0.876596 0.976803 0.971871 0.476281 3 4840 
8 11 1.859058 0.885512 0.507708 0.667561 0.723153 0.596084 0.660344 0.987344 0.086107 0 4921 
6 11 1.628683 0.872738 0.799200 0.880141 0.963343 0.687161 0.568556 0.834948 0.462269 0 6001 
6 16 1.669216 0.683845 0.578690 0.569868 0.946470 0.915425 0.703556 0.808680 0.545788 0 5617 
12 15 1.808880 0.979752 0.524809 0.982966 0.609787 0.533766 0.964904 0.749966 0.338400 2 2257 
9 12 1.660848 0.720847 0.797058 0.589964 0.734117 0.943177 0.745404 0.552791 0.096593 3 3826 
12 14 1.506082 0.684975 0.686899 0.546621 0.578926 0.722050 0.708567 0.567766 0.490552 1 1905 
6 10 1.423947 0.535763 0.885394 0.920539 0.697430 0.633940 0.995524 0.912897 0.385680 3 5643 
7 12 1.693552 0.519388 0.611423 0.841925 0.814380 0.939153 0.602926 0.563026 0.567570 1 4309 
8 11 1.425761 0.672582 0.564025 0.542697 0.728598 0.922864 0.739405 0.961019 0.234571 3 3992 
7 10 1.569255 0.654945 0.745621 0.983668 0.886849 0.696059 0.605085 0.614822 0.079057 3 5520 
11 10 1.632536 0.549129 0.858000 0.910254 0.854940 0.503793 0.732844 0.886400 0.479151 2 2483 
12 14 1.894001 0.865892 0.695296 0.912883 0.871884 0.858833 0.903223 0.808394 0.352562 3 2262 
8 14 1.844106 0.530062 0.664754 0.675453 0.509258 0.796330 0.779999 0.730413 0.177558 3 4640 
10 16 1.741440 0.551455 0.714474 0.602060 0.908830 0.735953 0.817446 0.960525 0.266697 1 2718 
12 16 1.982823 0.546930 0.977542 0.551148 0.614255 0.516389 0.600815 0.975631 0.320628 1 2276 
11 15 1.957966 0.529314 0.930309 0.548981 0.693773 0.862035 0.651772 0.585946 0.106934 0 3149 
12 11 1.358019 0.679374 0.863054 0.838845 0.572484 0.870130 0.639936 0.906683 0.388089 3 1920 
9 13 1.653645 0.823145 0.721454 0.649359 0.634381 0.504170 0.964368 0.537999 0.127076 0 4029 
11 14 1.744082 0.810800 0.594093 0.979421 0.606919 0.743578 0.814014 0.976602 0.185282 2 2980 
10 10 1.635144 0.912606 0.738451 0.505483 0.748094 0.668693 0.749492 0.597596 0.406876 2 2575 
6 12 1.950296 0.546488 0.590494 0.814468 0.868283 0.566372 0.764423 0.867554 0.228280 2 7306 
6 11 1.848925 0.891326 0.908823 0.700616 0.704391 0.576739 0.756798 0.729878 0.443468 1 6288 
7 13 1.773781 0.597711 0.899672 0.799320 0.731848 0.918282 0.805516 0.926517 0.388062 2 4841 
7 10 1.589206 0.807642 0.913184 0.671653 0.915353 0.632682 0.969262 0.617380 0.376126 0 5037 
10 12 1.563843 0.862679 0.803545 0.514249 0.651713 0.850556 0.968198 0.752814 0.094704 0 2967 
11 16 1.904594 0.757914 0.975924 0.796789 0.836495 0.581950 0.800718 0.510492 0.370295 2 2746 
6 11 1.859170 0.983991 0.815570 0.972729 0.562743 0.796691 0.683222 0.750665 0.389699 2 6428 
8 16 1.908430 0.650526 0.880802 0.867550 0.845247 0.699269 0.755461 0.713857 0.151887 3 5121 
10 14 1.940853 0.566539 0.969594 0.616840 0.859869 0.573735 0.739132 0.570214 0.444145 3 2544 
9 14 1.444936 0.554540 0.621886 0.559830 0.922202 0.640814 0.650723 0.822346 0.135425 3 3547 
7 16 1.636882 0.900902 0.813929 0.622017 0.951106 0.775244 0.944071 0.740747 0.224053 2 5305 
9 11 1.774418 0.544100 0.830432 0.848568 0.537755 0.778000 0.583097 0.813079 0.555515 2 3023 
12 15 1.688346 0.716396 0.710488 0.776008 0.760453 0.835261 0.501405 0.924927 0.050365 3 2443 
11 15 1.376036 0.852686 0.607597 0.545751 0.751204 0.764126 0.682117 0.911428 0.043115 3 2955 
11 10 1.443381 0.663987 0.703175 0.520536 0.824800 0.600179 0.736664 0.595883 0.082247 2 2822 
9 11 1.371315 0.852038 0.616245 0.597521 0.603100 0.711716 0.971311 0.599579 0.019404 1 3905 
11 10 1.492343 0.932617 0.622769 0.851341 0.971962 0.699627 0.655224 0.762027 0.098536 0 3133 
8 12 1.385682 0.603109 0.841924 0.701376 0.914229 0.715787 0.557363 0.857542 0.327277 1 3752 
10 10 1.591634 0.594453 0.892202 0.758188 0.769983 0.850605 0.549252 0.552720 0.305287 1 2527 
12 12 1.463234 0.994996 0.858856 0.925732 0.797080 0.930797 0.734286 0.661678 0.031706 3 2389 
9 14 1.507434 0.873626 0.683163 0.594770 0.616119 0.521850 0.688200 0.804278 0.400275 2 3398 
11 16 1.695870 0.736678 0.517457 0.750566 0.675856 0.618658 0.674048 0.945571 0.597762 1 2246 
6 16 1.633863 0.783461 0.894486 0.809695 0.827360 0.993469 0.570956 0.741593 0.098941 1 7030 
7 11 1.854961 0.829251 0.798736 0.636851 0.793573 0.868758 0.961715 0.614842 0.579654 0 4539 
10 11 1.344716 0.806745 0.878413 0.546970 0.699150 0.975914 0.883693 0.854794 0.000633 3 2911 
10 15 1.781137 0.680159 0.830747 0.860187 0.564427 0.614484 0.984251 0.997056 0.395648 2 2688 
9 16 1.931502 0.664001 0.957392 0.818910 0.718556 0.634920 0.628545 0.848633 0.101608 3 4105 
10 10 1.816215 0.983616 0.867560 0.583496 0.852569 0.553905 0.663972 0.979967 0.376350 0 2678 
9 16 1.483404 0.988628 0.896680 0.544307 0.751646 0.545220 0.669620 0.675699 0.574644 2 3066 
11 13 1.925865 0.732117 0.854602 0.581752 0.673963 0.657681 0.720062 0.837994 0.109037 0 3203 
12 16 1.812509 0.797689 0.968356 0.774767 0.637017 0.646977 0.774923 0.514600 0.265499 3 2264 
8 14 1.437385 0.897133 0.903516 0.626175 0.656480 0.999696 0.993857 0.961007 0.134061 1 4375 
10 11 1.430338 0.505511 0.849297 0.853906 0.727585 0.652420 0.507868 0.507355 0.488882 2 2317 
7 12 1.541139 0.670418 0.975496 0.853279 0.897968 0.564853 0.728099 0.944589 0.347296 1 4827 
11 11 1.854479 0.694280 0.555720 0.999153 0.610693 0.795983 0.994402 0.698148 0.354128 2 2709 
8 16 1.731214 0.924551 0.913642 0.645714 0.979809 0.501168 0.724531 0.643609 0.572919 3 3696 
12 11 1.959770 0.814779 0.741035 0.885217 0.907995 0.649342 0.980978 0.888731 0.022608 0 2705 
8 10 1.654850 0.766749 0.529167 0.773281 0.707170 0.759687 0.732536 0.590103 0.072120 1 4736 
7 11 1.629075 0.974404 0.649039 0.626082 0.591129 0.860055 0.721115 0.733900 0.156557 2 5641 
9 14 1.486583 0.844127 0.522926 0.930627 0.870374 0.827308 0.788145 0.831978 0.396046 1 3267 
8 15 1.594234 0.583559 0.673750 0.627155 0.662291 0.554418 0.684869 0.616588 0.234879 2 4503 
10 12 1.804166 0.582701 0.543669 0.707820 0.976737 0.920593 0.935764 0.534123 0.242439 3 2677 
9 11 1.968154 0.806615 0.995025 0.979875 0.557471 0.756188 0.558820 0.694505 0.078262 1 4258 
10 11 1.573066 0.751299 0.723206 0.546255 0.779880 0.678497 0.767384 0.786010 0.523646 1 2331 
11 10 1.467490 0.661013 0.628487 0.551699 0.837590 0.610356 0.546959 0.738612 0.023558 3 2962 
6 15 1.876906 0.552986 0.863631 0.691066 0.607791 0.626423 0.970031 0.733484 0.588291 3 6055 
7 12 1.813511 0.662622 0.507576 0.715456 0.814834 0.790823 0.724534 0.730193 0.595034 1 4138 
12 12 1.954074 0.889606 0.606062 0.882096 0.729062 0.936763 0.833550 0.592255 0.188688 3 2441 
11 16 1.817166 0.528900 0.799090 0.754550 0.649004 0.664117 0.881829 0.981194 0.330359 0 2797 
7 13 1.818796 0.723037 0.726828 0.733292 0.943957 0.623057 0.529024 0.677805 0.371534 1 4846 
9 12 1.473009 0.822991 0.606434 0.875300 0.549676 0.627662 0.928717 0.763173 0.270927 3 3527 
9 15 1.656838 0.800767 0.842956 0.624646 0.515638 0.617472 0.868043 0.836920 0.160114 3 3898 
7 14 1.437912 0.702975 0.554419 0.942138 0.713590 0.742291 0.965223 0.937272 0.335874 2 4920 
12 15 1.726496 0.703401 0.954653 0.720701 0.527464 0.855051 0.581737 0.927004 0.577499 0 1940 
9 14 1.493431 0.973346 0.940726 0.787639 0.910840 0.889466 0.908739 0.575141 0.136826 2 3789 
12 11 1.606618 0.546952 0.961229 0.509761 0.957870 0.585614 0.765567 0.579365 0.221067 0 2184 
6 16 1.584180 0.924829 0.506127 0.529551 0.789263 0.781217 0.577018 0.734451 0.548872 3 5677 
10 16 1.422820 0.568589 0.910969 0.682106 0.837957 0.818686 0.746005 0.661414 0.552755 0 2323 
7 13 1.527917 0.585085 0.702890 0.921423 0.871564 0.830929 0.572172 0.905813 0.598738 3 4306 
7 10 1.720874 0.674652 0.601741 0.797829 0.971838 0.541809 0.589937 0.819949 0.568337 2 4414 
10 12 1.501189 0.881809 0.505059 0.743122 0.666906 0.679047 0.687553 0.572310 0.048093 0 3101 
12 13 1.849788 0.581224 0.937201 0.565455 0.793992 0.839020 0.835634 0.676400 0.499649 0 1920 
9 14 1.612879 0.673431 0.553163 0.944847 0.751906 0.797399 0.915480 0.722207 0.572568 0 3090 
8 16 1.667813 0.623534 0.893716 0.637309 0.949910 0.793832 0.565932 0.945214 0.154731 0 4580 
10 14 1.853781 0.793671 0.825880 0.649447 0.765586 0.789781 0.537297 0.679519 0.475455 1 2463 
8 10 1.979010 0.775330 0.991066 0.655003 0.988436 0.720682 0.851186 0.877953 0.140439 0 5143 
10 13 1.739405 0.816568 0.877652 0.645896 0.972505 0.677342 0.504417 0.847799 0.093547 1 2889 
8 11 1.889124 0.858977 0.719885 0.752822 0.575054 0.570655 0.983617 0.717198 0.248710 2 4993 
7 15 1.627092 0.866205 0.551410 0.745872 0.527620 0.601205 0.595108 0.726777 0.011096 3 6075 
12 13 1.623945 0.910783 0.707079 0.538992 0.966089 0.505144 0.560116 0.967409 0.441739 0 2045 
10 12 1.492392 0.789266 0.742372 0.845838 0.995129 0.824065 0.677677 0.942924 0.213636 0 2842 
7 12 1.348194 0.840876 0.628698 0.507709 0.926198 0.748538 0.819184 0.842075 0.059941 1 5392 
10 16 1.507227 0.583190 0.967560 0.904169 0.805177 0.820838 0.756535 0.560095 0.128638 3 2855 
10 14 1.744257 0.990216 0.922411 0.604399 0.511314 0.834197 0.637410 0.576673 0.376129 2 2604 
10 12 1.504933 0.669193 0.573136 0.690841 0.538021 0.930990 0.643379 0.605525 0.397168 0 2650 
8 10 1.936426 0.768697 0.673531 0.933382 0.639249 0.553601 0.987297 0.823980 0.476531 2 4275 
6 14 1.940950 0.758759 0.971763 0.822866 0.506484 0.584518 0.784108 0.651530 0.353104 2 7337 
6 15 1.878333 0.566850 0.556078 0.867000 0.612437 0.874003 0.717234 0.636471 0.519310 2 6153 
12 10 1.810751 0.735854 0.908692 0.656117 0.647728 0.681042 0.728035 0.595221 0.115894 2 2503 
11 16 1.516226 0.997498 0.938170 0.770760 0.750550 0.700659 0.656626 0.517767 0.253709 1 2720 
7 15 1.959381 0.921225 0.685338 0.926395 0.736147 0.997613 0.685860 0.828880 0.327887 2 5428 
6 10 1.405190 0.505856 0.627737 0.685512 0.635169 0.835515 0.664226 0.724909 0.138506 0 6144 
12 16 1.536813 0.726609 0.503495 0.500023 0.800484 0.746586 0.642006 0.755035 0.075586 2 2386 
8 12 1.572038 0.557878 0.758605 0.541694 0.630542 0.729439 0.965346 0.597229 0.469462 2 3976 
8 12 1.724064 0.955762 0.659428 0.960652 0.647703 0.976431 0.844422 0.859224 0.421357 3 4063 
11 11 1.610906 0.968766 0.516778 0.701454 0.602255 0.560011 0.779841 0.808990 0.218663 1 2818 
8 11 1.419342 0.757616 0.789919 0.601375 0.655128 0.883789 0.846454 0.872619 0.011106 1 4435 
10 16 1.696269 0.761752 0.926068 0.800616 0.866004 0.952732 0.539092 0.724872 0.270361 1 2670 
9 16 1.710909 0.542506 0.940541 0.989151 0.615904 0.938190 0.548440 0.898910 0.592254 1 2827 
8 11 1.648919 0.870773 0.600311 0.970969 0.693859 0.814968 0.951375 0.952738 0.554954 1 3649 
6 13 1.605222 0.509519 0.832434 0.711335 0.680047 0.552565 0.580225 0.504936 0.405322 1 5904 
10 16 1.997255 0.846830 0.548914 0.939140 0.661540 0.726620 0.670375 0.839065 0.423095 2 2831 
9 11 1.389049 0.740076 0.519969 0.597327 0.921172 0.854193 0.997567 0.709907 0.174331 3 3399 
6 14 1.444449 0.559358 0.604378 0.892956 0.765930 0.904488 0.847027 0.886809 0.543702 3 5207 
9 12 1.453225 0.803095 0.980141 0.902185 0.766708 0.785987 0.524572 0.578352 0.429914 2 3083 
12 16 1.997510 0.986205 0.915699 0.523185 0.675703 0.903774 0.757290 0.580403 0.561827 0 1998 
7 14 1.397903 0.912467 0.815874 0.935880 0.612047 0.561821 0.805986 0.540105 0.022823 2 5533 
8 13 1.989939 0.939355 0.842151 0.811974 0.904954 0.640748 0.589324 0.910072 0.046582 2 5551 
6 11 1.696200 0.675667 0.900771 0.680225 0.707559 0.637419 0.613500 0.630333 0.140756 3 6963 
12 12 1.961276 0.780807 0.729509 0.687343 0.732330 0.771142 0.746177 0.908921 0.109185 2 2511 
9 12 1.823965 0.674849 0.726057 0.523811 0.702428 0.679344 0.607536 0.739683 0.210230 0 3647 
10 14 1.500885 0.710258 0.754570 0.904913 0.959457 0.517854 0.927026 0.649216 0.559640 2 2431 
7 16 1.979432 0.604441 0.666190 0.820180 0.945719 0.880287 0.625776 0.675037 0.528727 0 4781 
8 16 1.545301 0.882010 0.995094 0.774540 0.537136 0.993946 0.712984 0.600751 0.566126 1 3706 
10 15 1.905325 0.745587 0.865662 0.684863 0.610583 0.947422 0.899918 0.933238 0.420102 2 2674 
12 15 1.793488 0.772990 0.611665 0.926561 0.747072 0.591335 0.960884 0.648144 0.570169 1 1832 
11 15 1.548127 0.948993 0.962991 0.601929 0.857187 0.870305 0.530177 0.531351 0.298035 0 2679 
8 13 1.965345 0.886414 0.747984 0.728829 0.538798 0.676490 0.981836 0.642875 0.493804 0 4291 
6 15 1.918448 0.704911 0.516336 0.886599 0.856774 0.566144 0.803279 0.888171 0.435273 3 6794 
7 14 1.487588 0.745075 0.630336 0.548090 0.674475 0.875071 0.718184 0.885494 0.551783 2 4549 
7 15 1.754383 0.631602 0.583734 0.940580 0.999363 0.991384 0.632035 0.565079 0.164202 0 5296 
6 16 1.571070 0.514621 0.911307 0.857982 0.808562 0.817947 0.701887 0.925113 0.109635 3 6990 
7 12 1.885806 0.797490 0.943196 0.527543 0.815686 0.588102 0.845777 0.688800 0.529260 0 4925 
12 12 1.842169 0.966427 0.792729 0.962591 0.626680 0.863825 0.662421 0.563886 0.333058 3 2202 
7 15 1.751292 0.789570 0.809817 0.867671 0.906551 0.993532 0.569868 0.728465 0.113796 1 5572 
7 16 1.912677 0.740116 0.971419 0.748408 0.698696 0.631003 0.629371 0.910000 0.587068 3 4726 
11 11 1.527099 0.906806 0.667990 0.501058 0.794224 0.582782 0.927948 0.647807 0.379039 3 2619 
10 12 1.410228 0.513679 0.536469 0.672426 0.844381 0.822678 0.581533 0.994990 0.050544 2 2851 
12 16 1.480192 0.744731 0.899494 0.922133 0.619302 0.998015 0.843908 0.811808 0.039767 0 2456 
11 14 1.939910 0.745172 0.856949 0.592928 0.908049 0.786453 0.538603 0.856877 0.511624 2 2337 
12 11 1.326694 0.879098 0.751472 0.639318 0.500666 0.711462 0.508696 0.552263 0.582664 0 1747 
8 15 1.833128 0.881622 0.821487 0.796303 0.569573 0.735054 0.500907 0.780733 0.503401 2 4018 
7 13 1.301926 0.916268 0.938450 0.639963 0.824514 0.878859 0.769753 0.510024 0.120689 3 5080 
10 10 1.319958 0.537270 0.555110 0.990121 0.515392 0.523919 0.961577 0.859402 0.388859 3 2571 
6 15 1.678600 0.638082 0.811485 0.552325 0.702122 0.656706 0.510875 0.800729 0.139569 2 6953 
7 14 1.684957 0.530914 0.500427 0.670222 0.928288 0.881893 0.948562 0.673591 0.359989 1 4819 
11 14 1.516390 0.512046 0.666584 0.512543 0.988396 0.571673 0.739338 0.502564 0.167037 0 2810 
11 11 1.364952 0.895510 0.512720 0.883697 0.856665 0.633968 0.943614 0.723690 0.107303 1 2925 
11 15 1.404238 0.681399 0.742881 0.795589 0.847465 0.787601 0.718420 0.557842 0.351532 1 2452 
6 12 1.932671 0.647101 0.961735 0.944836 0.946116 0.834166 0.567118 0.911880 0.316051 1 6880 
8 15 1.337522 0.505766 0.755282 0.712738 0.923424 0.676706 0.524596 0.956213 0.374994 3 3766 
6 12 1.863233 0.883327 0.581145 0.521086 0.719079 0.893233 0.998766 0.761680 0.083593 2 7277 
9 15 1.856587 0.565768 0.960819 0.972922 0.680805 0.886910 0.717598 0.869834 0.306726 0 3570 
10 14 1.418021 0.954224 0.664589 0.995424 0.567531 0.978180 0.575213 0.811217 0.524523 0 2488 
11 11 1.540890 0.783243 0.705756 0.547042 0.816572 0.722839 0.919479 0.671532 0.324739 3 2690 
12 11 1.486371 0.600908 0.732891 0.910661 0.764357 0.892064 0.780108 0.628423 0.182690 1 2314 
10 14 1.993595 0.560210 0.572892 0.605515 0.817037 0.730076 0.964165 0.590953 0.570871 3 2471 
7 13 1.982365 0.793737 0.968539 0.557445 0.632934 0.942755 0.501785 0.636888 0.597126 0 4665 
9 15 1.401752 0.811391 0.786063 0.510639 0.575601 0.974058 0.563152 0.857585 0.536697 3 2833 
8 16 1.811400 0.700813 0.504505 0.507860 0.506018 0.543032 0.840469 0.552331 0.596534 2 3850 
9 13 1.791282 0.583790 0.703309 0.923946 0.873699 0.654191 0.524214 0.805027 0.368789 2 3313 
8 10 1.910450 0.843981 0.532727 0.522528 0.988154 0.913838 0.689484 0.653900 0.383389 3 4181 
7 11 1.871880 0.973653 0.645773 0.522348 0.806459 0.917036 0.971660 0.993217 0.064832 2 6394 
10 10 1.967953 0.626271 0.775363 0.672367 0.566992 0.754512 0.841163 0.686562 0.469800 3 2527 
7 15 1.423180 0.830972 0.602370 0.905888 0.989432 0.862461 0.756453 0.913998 0.286750 1 4710 
9 10 1.969895 0.540068 0.656131 0.506818 0.841210 0.950436 0.802109 0.675230 0.225501 3 3704 
8 11 1.949239 0.976883 0.579113 0.848799 0.640714 0.675870 0.695140 0.895814 0.557723 3 4118 
12 12 1.508758 0.843938 0.758842 0.908184 0.777440 0.584354 0.861568 0.660794 0.378343 2 2221 
9 15 1.612274 0.783907 0.692529 0.569949 0.745819 0.874705 0.829298 0.691026 0.497217 1 3023 
9 16 1.721558 0.794079 0.708842 0.672986 0.531726 0.952788 0.564092 0.992013 0.463219 0 3360 
6 15 1.398254 0.763363 0.973323 0.514955 0.684056 0.945204 0.776244 0.898749 0.341929 1 5636 
8 16 1.690476 0.872671 0.948265 0.905294 0.850232 0.867506 0.936994 0.664623 0.017640 2 5014 
12 11 1.712864 0.542892 0.781438 0.528933 0.900657 0.743697 0.889755 0.903044 0.539599 3 1834 
7 15 1.599413 0.615313 0.850762 0.573141 0.788383 0.650962 0.742560 0.533921 0.541867 2 4407 
11 13 1.628993 0.532588 0.623609 0.974427 0.636797 0.911412 0.667135 0.925974 0.222015 3 2906 
10 16 1.885365 0.750280 0.693389 0.697385 0.595901 0.791397 0.504503 0.640249 0.278469 1 2834 
6 15 1.347168 0.741023 0.883091 0.550427 0.853931 0.663118 0.549348 0.526550 0.535227 1 5043 
11 12 1.762838 0.898813 0.769926 0.582585 0.525996 0.641502 0.916238 0.744650 0.032367 0 3224 
11 11 1.539662 0.769394 0.657057 0.720636 0.838263 0.629661 0.752336 0.784792 0.207129 3 2935 
11 10 1.679104 0.672303 0.723398 0.604487 0.656450 0.657743 0.568559 0.803784 0.205671 2 2832 
9 16 1.820167 0.916493 0.807573 0.513668 0.804719 0.588011 0.670797 0.688144 0.290987 1 3454 
12 10 1.528212 0.657342 0.733076 0.602610 0.725787 0.928423 0.836172 0.734868 0.187387 1 2227 
10 14 1.731090 0.627900 0.989216 0.906158 0.956302 0.916483 0.967443 0.562442 0.538931 2 2311 
12 11 1.638574 0.993606 0.769129 0.623368 0.697537 0.510403 0.731191 0.946521 0.511720 2 2028 
